Z = 156.2529;
N = 84.4505;
E = 0.0280;
alpha = 0.1009;
A = Z - N + E - alpha;